[2018.12.11-00.23.37:978][576]Obj List: 
[2018.12.11-00.23.37:978][576]Objects:
[2018.12.11-00.23.37:978][576]
[2018.12.11-00.25.31:950][576]                                                                                                Class    Count      NumKB      MaxKB   ResExcKB  ResExcDedSysKB  ResExcShrSysKB  ResExcDedVidKB  ResExcShrVidKB     ResExcUnkKB
[2018.12.11-00.25.31:950][576]                                                                                         SkeletalMesh        7   77408.83   80648.64   77935.56            0.00            0.00            0.00            0.00        77935.56
[2018.12.11-00.25.31:950][576]                                                                                  SplineMeshComponent    25056   53500.91   61923.53   28436.21        28436.21            0.00            0.00            0.00            0.00
[2018.12.11-00.25.31:950][576]                                                                                            BodySetup    25824   32293.54   46119.25  289953.81       289953.81            0.00            0.00            0.00            0.00
[2018.12.11-00.25.31:950][576]                                                                                      SphereComponent     9359   17546.09   20552.80     599.91          599.91            0.00            0.00            0.00            0.00
[2018.12.11-00.25.31:950][576]                                                                                  StaticMeshComponent     7667   14472.92   18339.90   25221.99        25221.99            0.00            0.00            0.00            0.00
[2018.12.11-00.25.31:950][576]                                                                         CarPathSplineCollSphere_BP_C     8675    8453.27    9052.34       0.00            0.00            0.00            0.00            0.00            0.00
[2018.12.11-00.25.31:950][576]                                                                                           StaticMesh      402    7289.23    8459.61  497397.00           31.41            0.00            0.00            0.00       497365.59
[2018.12.11-00.25.31:950][576]                                                                                      StaticMeshActor     4418    3865.75    3865.75       0.00            0.00            0.00            0.00            0.00            0.00
[2018.12.11-00.25.31:950][576]                                                                                    SkeletalBodySetup       74    3289.95    3408.34     107.80          107.80            0.00            0.00            0.00            0.00
[2018.12.11-00.25.31:950][576]                                                                                     AirSimSplineComp      830    2884.90    3385.39     388.59          388.59            0.00            0.00            0.00            0.00
[2018.12.11-00.25.31:951][576]                                                                                SkeletalMeshComponent       89    1168.01    1246.98     797.59           84.40            0.00            0.00            0.00          713.19
[2018.12.11-00.25.31:951][576]                                                                                                Class     1609    1010.47    1163.89       0.00            0.00            0.00            0.00            0.00            0.00
[2018.12.11-00.25.31:951][576]                                                                                     BaseCarPath_BP_C      366    1093.84    1135.02       0.00            0.00            0.00            0.00            0.00            0.00
[2018.12.11-00.25.31:951][576]                                                                                             Function     4282     886.14     998.28       0.00            0.00            0.00            0.00            0.00            0.00
[2018.12.11-00.25.31:951][576]                                                                                         BoxComponent      375     704.41     855.11     250.65          250.65            0.00            0.00            0.00            0.00
[2018.12.11-00.25.31:951][576]                                                                                             Material      320     791.13     816.66      95.00           95.00            0.00            0.00            0.00            0.00
[2018.12.11-00.25.31:951][576]                                                                                              Package     2344     805.75     805.75       0.00            0.00            0.00            0.00            0.00            0.00
[2018.12.11-00.25.31:951][576]                                                                                       StructProperty     5386     673.25     673.25       0.00            0.00            0.00            0.00            0.00            0.00
[2018.12.11-00.25.31:951][576]                                                                                       ArrowComponent      304     527.25     665.00       0.00            0.00            0.00            0.00            0.00            0.00
[2018.12.11-00.25.31:951][576]                                                                               LandscapeSplineSegment      476     579.75     602.61       0.00            0.00            0.00            0.00            0.00            0.00
[2018.12.11-00.25.31:951][576]                                                                                         BoolProperty     4420     552.50     552.50       0.00            0.00            0.00            0.00            0.00            0.00
[2018.12.11-00.25.31:951][576]                                                                                       SceneComponent      650     475.95     536.22       0.00            0.00            0.00            0.00            0.00            0.00
[2018.12.11-00.25.31:951][576]                                                                      MaterialExpressionTextureSample      410     246.68     518.95       0.00            0.00            0.00            0.00            0.00            0.00
[2018.12.11-00.25.31:951][576]                                                                                        FloatProperty     3850     451.17     451.17       0.00            0.00            0.00            0.00            0.00            0.00
[2018.12.11-00.25.31:951][576]                                                                                   SpotLightComponent      387     394.05     394.05       0.00            0.00            0.00            0.00            0.00            0.00
[2018.12.11-00.25.31:951][576]                                                                                       ObjectProperty     3108     388.50     388.50       0.00            0.00            0.00            0.00            0.00            0.00
[2018.12.11-00.25.31:951][576]                                                                                      SplineComponent       58     333.58     384.39      26.72           26.72            0.00            0.00            0.00            0.00
[2018.12.11-00.25.31:951][576]                                                                                  TextRenderComponent      134     239.36     299.17      36.78           36.78            0.00            0.00            0.00            0.00
[2018.12.11-00.25.31:951][576]                                                                                            Texture2D     1004     274.53     274.53  801327.38            0.00            0.00            0.00            0.00       801327.38
[2018.12.11-00.25.31:951][576]                                                                                         ScriptStruct     1121     212.48     262.69       0.00            0.00            0.00            0.00            0.00            0.00
[2018.12.11-00.25.31:951][576]                                                                              MaterialInstanceDynamic      419     248.67     262.09     168.58          168.58            0.00            0.00            0.00            0.00
[2018.12.11-00.25.31:951][576]                                                           MaterialExpressionTextureSampleParameter2D      199     127.15     259.38       0.00            0.00            0.00            0.00            0.00            0.00
[2018.12.11-00.25.31:951][576]                                                                                                Level        5     138.96     246.16       0.00            0.00            0.00            0.00            0.00            0.00
[2018.12.11-00.25.31:951][576]                                                                             MaterialInstanceConstant      341     242.79     243.57     169.98          169.98            0.00            0.00            0.00            0.00
[2018.12.11-00.25.31:951][576]                                                                                          IntProperty     2058     241.17     241.17       0.00            0.00            0.00            0.00            0.00            0.00
[2018.12.11-00.25.31:951][576]                                                                                                 Enum      599     114.74     234.09       0.00            0.00            0.00            0.00            0.00            0.00
[2018.12.11-00.25.31:951][576]                                                                                   SidewalkSectionA_C      231     223.78     225.59       0.00            0.00            0.00            0.00            0.00            0.00
[2018.12.11-00.25.31:951][576]                                                               MaterialExpressionMaterialFunctionCall      239     206.79     222.08       0.00            0.00            0.00            0.00            0.00            0.00
[2018.12.11-00.25.31:951][576]                                                                            ControlPointMeshComponent       82     160.74     203.63     144.46          144.46            0.00            0.00            0.00            0.00
[2018.12.11-00.25.31:951][576]                                                                    MaterialExpressionScalarParameter      633     128.41     203.15       0.00            0.00            0.00            0.00            0.00            0.00
[2018.12.11-00.25.31:951][576]                                                                                         AnimSequence        5     184.98     185.91       0.00            0.00            0.00            0.00            0.00            0.00
[2018.12.11-00.25.31:951][576]                                                                         CityEnviron_TrafficLight01_C      175     183.20     183.20       0.00            0.00            0.00            0.00            0.00            0.00
[2018.12.11-00.25.31:951][576]                                                                               AnimSingleNodeInstance      101     176.22     180.66       0.00            0.00            0.00            0.00            0.00            0.00
[2018.12.11-00.25.31:951][576]                                                                                     CapsuleComponent       89     159.88     168.38      69.43           69.43            0.00            0.00            0.00            0.00
[2018.12.11-00.25.31:951][576]                                                                                        ArrayProperty     1288     161.00     161.00       0.00            0.00            0.00            0.00            0.00            0.00
[2018.12.11-00.25.31:951][576]                                                                                         ByteProperty     1287     160.88     160.88       0.00            0.00            0.00            0.00            0.00            0.00
[2018.12.11-00.25.31:951][576]                                                                           CharacterMovementComponent       88     158.13     158.13       0.00            0.00            0.00            0.00            0.00            0.00
[2018.12.11-00.25.31:951][576]                                                                          LandscapeSplineControlPoint      652     157.44     157.44       0.00            0.00            0.00            0.00            0.00            0.00
[2018.12.11-00.25.31:951][576]                                                                                         NavCollision      402     125.63     125.63    8547.02         8547.02            0.00            0.00            0.00            0.00
[2018.12.11-00.25.31:951][576]                                                                              BasePedestrianPath_BP_C       40     117.79     124.00       0.00            0.00            0.00            0.00            0.00            0.00
[2018.12.11-00.25.31:951][576]                                                                    MaterialExpressionVectorParameter      122      42.87     123.98       0.00            0.00            0.00            0.00            0.00            0.00
[2018.12.11-00.25.31:951][576]                                                                              SceneCaptureComponent2D       56     123.27     123.27       0.00            0.00            0.00            0.00            0.00            0.00
[2018.12.11-00.25.31:951][576]                                                                  FoliageInstancedStaticMeshComponent        6      93.00     114.08      55.23           55.23            0.00            0.00            0.00            0.00
[2018.12.11-00.25.31:951][576]                                                                                      NavBlockInvis_C      118     103.25     104.17       0.00            0.00            0.00            0.00            0.00            0.00
[2018.12.11-00.25.31:951][576]                                                                   BaseTrafficGroupControlVolume_BP_C       99     103.36     103.64       0.00            0.00            0.00            0.00            0.00            0.00
[2018.12.11-00.25.31:951][576]                                                                                          StrProperty      868     101.72     101.72       0.00            0.00            0.00            0.00            0.00            0.00
[2018.12.11-00.25.31:951][576]                                                                             BasePedAIController_BP_C       86      98.09      98.09       0.00            0.00            0.00            0.00            0.00            0.00
[2018.12.11-00.25.31:951][576]                                                                                         NameProperty      800      93.75      93.75       0.00            0.00            0.00            0.00            0.00            0.00
[2018.12.11-00.25.31:951][576]                                                                                   BillboardComponent       37      64.17      80.94       0.00            0.00            0.00            0.00            0.00            0.00
[2018.12.11-00.25.31:952][576]                                                                               PathFollowingComponent       87      80.20      80.20       0.00            0.00            0.00            0.00            0.00            0.00
[2018.12.11-00.25.31:952][576]                                                                              BlueprintGeneratedClass       55      51.27      55.16       0.00            0.00            0.00            0.00            0.00            0.00
[2018.12.11-00.25.31:952][576]                                                                            PhysicsConstraintTemplate       67      54.44      54.44       0.00            0.00            0.00            0.00            0.00            0.00
[2018.12.11-00.25.31:952][576]                                                                                             Skeleton        7      48.50      52.64       0.00            0.00            0.00            0.00            0.00            0.00
[2018.12.11-00.25.31:952][576]                                                                          Pedestrian_HispanicFemale_C       22      44.33      45.66       0.00            0.00            0.00            0.00            0.00            0.00
[2018.12.11-00.25.31:952][576]                                                                            LandscapeSplinesComponent        1      30.91      43.50       0.00            0.00            0.00            0.00            0.00            0.00
[2018.12.11-00.25.31:952][576]                                                                                             SCS_Node      127      42.02      42.16       0.00            0.00            0.00            0.00            0.00            0.00
[2018.12.11-00.25.31:952][576]                                                                                     DelegateFunction      192      38.17      41.94       0.00            0.00            0.00            0.00            0.00            0.00
[2018.12.11-00.25.31:952][576]                                                                             Pedestrian_AsianFemale_C       20      40.31      41.56       0.00            0.00            0.00            0.00            0.00            0.00
[2018.12.11-00.25.31:952][576]                                                                           BaseIntersectionLogic_BP_C       33      38.36      39.88       0.00            0.00            0.00            0.00            0.00            0.00
[2018.12.11-00.25.31:952][576]                                                                               GameplayTasksComponent       87      32.44      36.70       0.00            0.00            0.00            0.00            0.00            0.00
[2018.12.11-00.25.31:952][576]                                                                  BasePedestrianConnectionVolume_BP_C       37      35.27      35.84       0.00            0.00            0.00            0.00            0.00            0.00
[2018.12.11-00.25.31:952][576]                                                                                         EnumProperty      268      35.59      35.59       0.00            0.00            0.00            0.00            0.00            0.00
[2018.12.11-00.25.31:952][576]                                                                                        ClassProperty      267      35.46      35.46       0.00            0.00            0.00            0.00            0.00            0.00
[2018.12.11-00.25.31:952][576]                                                                               Pedestrian_AsianMale_C       16      32.25      33.25       0.00            0.00            0.00            0.00            0.00            0.00
[2018.12.11-00.25.31:952][576]                                                                            Pedestrian_HispanicMale_C       16      32.23      33.19       0.00            0.00            0.00            0.00            0.00            0.00
[2018.12.11-00.25.31:952][576]                                                                                   LandscapeComponent       12      25.67      31.30      13.31           12.19            0.00            0.00            0.00            1.13
[2018.12.11-00.25.31:952][576]                                                                                 PawnActionsComponent       87      29.23      30.05       0.00            0.00            0.00            0.00            0.00            0.00
[2018.12.11-00.25.31:952][576]                                                                MaterialExpressionStaticBoolParameter       50      23.65      29.84       0.00            0.00            0.00            0.00            0.00            0.00
[2018.12.11-00.25.31:952][576]                                                               LandscapeHeightfieldCollisionComponent       12      23.05      29.22     202.73          202.73            0.00            0.00            0.00            0.00
[2018.12.11-00.25.31:952][576]                                                                           Pedestrian_CaucasianMale_C       14      28.22      29.09       0.00            0.00            0.00            0.00            0.00            0.00
[2018.12.11-00.25.31:952][576]                                                                            MulticastDelegateProperty      228      28.50      28.50       0.00            0.00            0.00            0.00            0.00            0.00
[2018.12.11-00.25.31:952][576]                                                                                            TextBlock       51      27.49      27.49       0.00            0.00            0.00            0.00            0.00            0.00
[2018.12.11-00.25.31:952][576]                                                                                     MaterialFunction       65      15.88      27.19       0.00            0.00            0.00            0.00            0.00            0.00
[2018.12.11-00.25.31:952][576]                                                                                Vehicle_Hatchback01_C       16      22.19      25.50       0.00            0.00            0.00            0.00            0.00            0.00
[2018.12.11-00.25.31:952][576]                                                                                                Model       11      24.84      24.84       0.00            0.00            0.00            0.00            0.00            0.00
[2018.12.11-00.25.31:952][576]                                                              MaterialExpressionStaticSwitchParameter       53      16.36      22.63       0.00            0.00            0.00            0.00            0.00            0.00
[2018.12.11-00.25.31:952][576]                                                                                     Vehicle_Cupe01_C       14      19.40      22.31       0.00            0.00            0.00            0.00            0.00            0.00
[2018.12.11-00.25.31:952][576]                                                                           NavigationInvokerComponent       89      22.25      22.25       0.00            0.00            0.00            0.00            0.00            0.00
[2018.12.11-00.25.31:952][576]                                                                                     Vehicle_Saloon_C       14      19.38      22.00       0.00            0.00            0.00            0.00            0.00            0.00
[2018.12.11-00.25.31:952][576]                                                                    BasePedestrianPath_Crosswalk_BP_C       17      21.13      21.36       0.00            0.00            0.00            0.00            0.00            0.00
[2018.12.11-00.25.31:952][576]                                                                                         TextProperty      173      20.27      20.27       0.00            0.00            0.00            0.00            0.00            0.00
[2018.12.11-00.25.31:952][576]                                                                              Vehicle_PoliceCruiser_C       12      16.65      19.31       0.00            0.00            0.00            0.00            0.00            0.00
[2018.12.11-00.25.31:952][576]                                                                                    Vehicle_Sedan01_C       12      16.59      18.75       0.00            0.00            0.00            0.00            0.00            0.00
[2018.12.11-00.25.31:952][576]                                                                                      CameraComponent        9      18.28      18.28       0.00            0.00            0.00            0.00            0.00            0.00
[2018.12.11-00.25.31:952][576]                                                                                               Button       18      17.80      18.17       0.00            0.00            0.00            0.00            0.00            0.00
[2018.12.11-00.25.31:952][576]                                                                                          SpeedSign_C       20      17.97      17.97       0.00            0.00            0.00            0.00            0.00            0.00
[2018.12.11-00.25.31:952][576]                                                                                       BP_PIPCamera_C        6      15.70      17.30       0.00            0.00            0.00            0.00            0.00            0.00
[2018.12.11-00.25.31:952][576]                                                                                       BrushComponent        7      12.23      15.31       2.46            2.46            0.00            0.00            0.00            0.00
[2018.12.11-00.25.31:952][576]                                                                                      EditableTextBox        6      14.11      14.11       0.00            0.00            0.00            0.00            0.00            0.00
[2018.12.11-00.25.31:952][576]                                                                                       BP_LightPost_C       14      14.00      14.11       0.00            0.00            0.00            0.00            0.00            0.00
[2018.12.11-00.25.31:952][576]                                                                                                World        5      12.99      13.77       0.00            0.00            0.00            0.00            0.00            0.00
[2018.12.11-00.25.31:952][576]                                                             MaterialExpressionTextureObjectParameter       20      10.57      12.98       0.00            0.00            0.00            0.00            0.00            0.00
[2018.12.11-00.25.31:952][576]                                                                                    BP_TrafficLight_C       14      12.80      12.91       0.00            0.00            0.00            0.00            0.00            0.00
[2018.12.11-00.25.31:952][576]                                                                                TextureRenderTarget2D       48      12.38      12.38   11520.00            0.00            0.00            0.00            0.00        11520.00
[2018.12.11-00.25.31:952][576]                                                                                      Vehicle_SUV01_C        7       9.67      10.88       0.00            0.00            0.00            0.00            0.00            0.00
[2018.12.11-00.25.31:952][576]                                                                                    TimelineComponent       18      10.69      10.69       0.00            0.00            0.00            0.00            0.00            0.00
[2018.12.11-00.25.31:952][576]                                                                        WidgetBlueprintGeneratedClass        3       9.40      10.31       0.00            0.00            0.00            0.00            0.00            0.00
[2018.12.11-00.25.31:952][576]                                                                             SimpleConstructionScript       47       9.84      10.14       0.00            0.00            0.00            0.00            0.00            0.00
[2018.12.11-00.25.31:952][576]                                                                    LandscapeMaterialInstanceConstant       16       9.46       9.46       6.95            6.95            0.00            0.00            0.00            0.00
[2018.12.11-00.25.31:953][576]                                                                                       ComboBoxString        3       9.19       9.30       0.00            0.00            0.00            0.00            0.00            0.00
[2018.12.11-00.25.31:953][576]                                                                                               Border       15       8.91       9.02       0.00            0.00            0.00            0.00            0.00            0.00
[2018.12.11-00.25.31:953][576]                                                                                           GameEngine        1       7.71       8.71       0.00            0.00            0.00            0.00            0.00            0.00
[2018.12.11-00.25.31:953][576]                                                                                                 Font        4       8.10       8.65     128.00            0.00            0.00            0.00            0.00          128.00
[2018.12.11-00.25.31:953][576]                                                                                       BP_Crosswalk_C        9       8.51       8.58       0.00            0.00            0.00            0.00            0.00            0.00
[2018.12.11-00.25.31:953][576]                                                                                       UInt32Property       71       8.32       8.32       0.00            0.00            0.00            0.00            0.00            0.00
[2018.12.11-00.25.31:953][576]                                                                                           CurveFloat        2       6.96       8.27       0.00            0.00            0.00            0.00            0.00            0.00
[2018.12.11-00.25.31:953][576]                                                                                     DelegateProperty       65       8.13       8.13       0.00            0.00            0.00            0.00            0.00            0.00
[2018.12.11-00.25.31:953][576]                                                                      TrafficGroupControlVolume_Car_C        7       7.39       7.43       0.00            0.00            0.00            0.00            0.00            0.00
[2018.12.11-00.25.31:953][576]                                                                                  PlayerCameraManager        1       6.76       6.95       0.00            0.00            0.00            0.00            0.00            0.00
[2018.12.11-00.25.31:953][576]                                                                                        DeviceProfile        2       3.73       6.80       0.00            0.00            0.00            0.00            0.00            0.00
[2018.12.11-00.25.31:953][576]                                                                                   LineBatchComponent        3       5.30       6.66       1.41            1.41            0.00            0.00            0.00            0.00
[2018.12.11-00.25.31:953][576]                                                                                        WorldSettings        5       6.41       6.44       0.00            0.00            0.00            0.00            0.00            0.00
[2018.12.11-00.25.31:953][576]                                                                      MaterialExpressionTextureObject       23       3.63       6.34       0.00            0.00            0.00            0.00            0.00            0.00
[2018.12.11-00.25.31:953][576]                                                                                          MapProperty       36       6.19       6.19       0.00            0.00            0.00            0.00            0.00            0.00
[2018.12.11-00.25.31:953][576]                                                                                            ScrollBox        3       5.72       5.74       0.00            0.00            0.00            0.00            0.00            0.00
[2018.12.11-00.25.31:953][576]                                                         MaterialExpressionTextureSampleParameterCube        4       2.98       5.69       0.00            0.00            0.00            0.00            0.00            0.00
[2018.12.11-00.25.31:953][576]                                                                                                Image       12       5.44       5.44       0.00            0.00            0.00            0.00            0.00            0.00
[2018.12.11-00.25.31:953][576]                                                                                         PhysicsAsset        7       4.95       5.08     114.36          114.36            0.00            0.00            0.00            0.00
[2018.12.11-00.25.31:953][576]                                                                                        HorizontalBox       15       4.76       4.88       0.00            0.00            0.00            0.00            0.00            0.00
[2018.12.11-00.25.31:953][576]                                                                                    Dumpster_Closed_C        5       4.61       4.61       0.00            0.00            0.00            0.00            0.00            0.00
[2018.12.11-00.25.31:953][576]                                                                                     ParticleLODLevel        9       3.00       4.42       0.00            0.00            0.00            0.00            0.00            0.00
[2018.12.11-00.25.31:953][576]                                                                                    InterfaceProperty       35       4.38       4.38       0.00            0.00            0.00            0.00            0.00            0.00
[2018.12.11-00.25.31:953][576]                                                                 MaterialExpressionFeatureLevelSwitch        8       3.31       4.25       0.00            0.00            0.00            0.00            0.00            0.00
[2018.12.11-00.25.31:953][576]                                                                                    HorizontalBoxSlot       39       3.96       3.96       0.00            0.00            0.00            0.00            0.00            0.00
[2018.12.11-00.25.31:953][576]                                                                                InstancedFoliageActor        4       3.91       3.91       0.00            0.00            0.00            0.00            0.00            0.00
[2018.12.11-00.25.31:953][576]                                                                                      Lighting_Pole_C        4       3.63       3.63       0.00            0.00            0.00            0.00            0.00            0.00
[2018.12.11-00.25.31:953][576]                                                                                          SetProperty       23       3.59       3.59       0.00            0.00            0.00            0.00            0.00            0.00
[2018.12.11-00.25.31:953][576]                                                                                       InputComponent       10       3.59       3.59       0.00            0.00            0.00            0.00            0.00            0.00
[2018.12.11-00.25.31:953][576]                                                                                ParticleSpriteEmitter        9       3.45       3.52       0.00            0.00            0.00            0.00            0.00            0.00
[2018.12.11-00.25.31:953][576]                                                                  MaterialParameterCollectionInstance       15       3.52       3.52       0.00            0.00            0.00            0.00            0.00            0.00
[2018.12.11-00.25.31:953][576]                                                                                      CanvasPanelSlot       30       3.52       3.52       0.00            0.00            0.00            0.00            0.00            0.00
[2018.12.11-00.25.31:953][576]                                                                      FoliageType_InstancedStaticMesh        2       2.39       3.41       0.00            0.00            0.00            0.00            0.00            0.00
[2018.12.11-00.25.31:953][576]                                                                                   WeakObjectProperty       27       3.38       3.38       0.00            0.00            0.00            0.00            0.00            0.00
[2018.12.11-00.25.31:953][576]                                                                               ParticleModuleRequired        9       3.30       3.30       0.00            0.00            0.00            0.00            0.00            0.00
[2018.12.11-00.25.31:953][576]                                                                MaterialExpressionCollectionParameter        9       2.06       3.15       0.00            0.00            0.00            0.00            0.00            0.00
[2018.12.11-00.25.31:953][576]                                                                                     CurveLinearColor        3       3.04       3.12       0.00            0.00            0.00            0.00            0.00            0.00
[2018.12.11-00.25.31:953][576]                                                                            ParticleModuleTypeDataGpu        2       2.95       3.06       0.00            0.00            0.00            0.00            0.00            0.00
[2018.12.11-00.25.31:953][576]                                                                                      VerticalBoxSlot       30       3.05       3.05       0.00            0.00            0.00            0.00            0.00            0.00
[2018.12.11-00.25.31:953][576]                                                                MaterialExpressionFontSampleParameter        3       1.03       3.02       0.00            0.00            0.00            0.00            0.00            0.00
[2018.12.11-00.25.31:953][576]                                                                                          CanvasPanel        9       2.91       2.95       0.00            0.00            0.00            0.00            0.00            0.00
[2018.12.11-00.25.31:953][576]                                                                                             ScaleBox        9       2.88       2.95       0.00            0.00            0.00            0.00            0.00            0.00
[2018.12.11-00.25.31:953][576]                                                                                  NavMeshBoundsVolume        3       2.77       2.77       0.00            0.00            0.00            0.00            0.00            0.00
[2018.12.11-00.25.31:953][576]                                                                                   SubstanceTexture2D        8       2.75       2.75  120149.33       120149.33            0.00            0.00            0.00            0.00
[2018.12.11-00.25.31:954][576]                                                                                  ParticleModuleSpawn        9       2.48       2.75       0.00            0.00            0.00            0.00            0.00            0.00
[2018.12.11-00.25.31:954][576]                                                                                   SoftObjectProperty       22       2.75       2.75       0.00            0.00            0.00            0.00            0.00            0.00
[2018.12.11-00.25.31:954][576]                                                                              ParticleSystemComponent        1       2.28       2.73       0.00            0.00            0.00            0.00            0.00            0.00
[2018.12.11-00.25.31:954][576]                                                                                               Slider        3       2.72       2.72       0.00            0.00            0.00            0.00            0.00            0.00
[2018.12.11-00.25.31:954][576]                                                               MaterialExpressionSpriteTextureSampler        2       1.33       2.66       0.00            0.00            0.00            0.00            0.00            0.00
[2018.12.11-00.25.31:954][576]                                                                                            SuvAnim_C        1       2.61       2.64       0.00            0.00            0.00            0.00            0.00            0.00
[2018.12.11-00.25.31:954][576]                                                                                            Landscape        1       2.08       2.58       0.00            0.00            0.00            0.00            0.00            0.00
[2018.12.11-00.25.31:954][576]                                                                      MaterialExpressionParticleSubUV        2       1.22       2.55       0.00            0.00            0.00            0.00            0.00            0.00
[2018.12.11-00.25.31:954][576]                                                                                 MapBuildDataRegistry        5       2.44       2.44       0.00            0.00            0.00            0.00            0.00            0.00
[2018.12.11-00.25.31:954][576]                                                                            NavMeshRenderingComponent        1       1.88       2.33       0.00            0.00            0.00            0.00            0.00            0.00
[2018.12.11-00.25.31:954][576]                                                                   GameplayDebuggerRenderingComponent        1       1.81       2.31       0.00            0.00            0.00            0.00            0.00            0.00
[2018.12.11-00.25.31:954][576]                                                                                       CameraAnimInst        8       2.25       2.25       0.00            0.00            0.00            0.00            0.00            0.00
[2018.12.11-00.25.31:954][576]                                                                                          PlayerInput        1       2.07       2.20       0.00            0.00            0.00            0.00            0.00            0.00
[2018.12.11-00.25.31:954][576]                                                                                  PedestrianSpawner_C        1       2.03       2.20       0.00            0.00            0.00            0.00            0.00            0.00
[2018.12.11-00.25.31:954][576]                                                                                    PostProcessVolume        1       2.19       2.19       0.00            0.00            0.00            0.00            0.00            0.00
[2018.12.11-00.25.31:954][576]                                                                        LandscapeGizmoRenderComponent        1       1.66       2.16       0.00            0.00            0.00            0.00            0.00            0.00
[2018.12.11-00.25.31:954][576]                                                                                          CameraActor        1       2.16       2.16       0.00            0.00            0.00            0.00            0.00            0.00
[2018.12.11-00.25.31:954][576]                                                                          AnimBlueprintGeneratedClass        2       1.84       2.12       0.00            0.00            0.00            0.00            0.00            0.00
[2018.12.11-00.25.31:954][576]                                                                                          VerticalBox        6       2.02       2.02       0.00            0.00            0.00            0.00            0.00            0.00
[2018.12.11-00.25.31:954][576]                                                                                NullIntersection_BP_C        2       1.98       2.00       0.00            0.00            0.00            0.00            0.00            0.00
[2018.12.11-00.25.31:954][576]                                                                          ParticleModuleColorOverLife        6       1.92       1.95       0.00            0.00            0.00            0.00            0.00            0.00
[2018.12.11-00.25.31:954][576]                                                                                            SoundWave        3       1.92       1.92     790.59          790.59            0.00            0.00            0.00            0.00
[2018.12.11-00.25.31:954][576]                                                                          InheritableComponentHandler       15       1.92       1.92       0.00            0.00            0.00            0.00            0.00            0.00
[2018.12.11-00.25.31:954][576]                                                                      MaterialExpressionQualitySwitch        4       1.44       1.91       0.00            0.00            0.00            0.00            0.00            0.00
[2018.12.11-00.25.31:954][576]                                                                                       AudioComponent        1       1.78       1.88       0.00            0.00            0.00            0.00            0.00            0.00
[2018.12.11-00.25.31:954][576]                                                                                    SoftClassProperty       14       1.86       1.86       0.00            0.00            0.00            0.00            0.00            0.00
[2018.12.11-00.25.31:954][576]                                                                                      Dumpster_Open_C        2       1.84       1.84       0.00            0.00            0.00            0.00            0.00            0.00
[2018.12.11-00.25.31:954][576]                                                                                     PlayerController        1       1.76       1.84       0.00            0.00            0.00            0.00            0.00            0.00
[2018.12.11-00.25.31:954][576]                                                                                           ButtonSlot       18       1.83       1.83       0.00            0.00            0.00            0.00            0.00            0.00
[2018.12.11-00.25.31:954][576]                                                                                        RecastNavMesh        1       1.78       1.81       0.00            0.00            0.00            0.00            0.00            0.00
[2018.12.11-00.25.31:954][576]                                                                                             FontFace        7       1.54       1.78    1385.43         1385.43            0.00            0.00            0.00            0.00
[2018.12.11-00.25.31:954][576]                                                                MaterialExpressionLandscapeLayerBlend        2       1.53       1.77       0.00            0.00            0.00            0.00            0.00            0.00
[2018.12.11-00.25.31:954][576]                                                                                     VehicleSpawner_C        1       1.59       1.77       0.00            0.00            0.00            0.00            0.00            0.00
[2018.12.11-00.25.31:954][576]                                                                                      CarInfoWidget_C        2       1.61       1.61       0.00            0.00            0.00            0.00            0.00            0.00
[2018.12.11-00.25.31:954][576]                                                                                     NavigationSystem        1       1.20       1.61       0.00            0.00            0.00            0.00            0.00            0.00
[2018.12.11-00.25.31:954][576]                                                                                   SpringArmComponent        2       1.57       1.59       0.00            0.00            0.00            0.00            0.00            0.00
[2018.12.11-00.25.31:954][576]                                                                                   GameViewportClient        1       1.55       1.55       0.00            0.00            0.00            0.00            0.00            0.00
[2018.12.11-00.25.31:954][576]                                                                                       DoubleProperty       13       1.52       1.52       0.00            0.00            0.00            0.00            0.00            0.00
[2018.12.11-00.25.31:954][576]                                                                                           BorderSlot       15       1.52       1.52       0.00            0.00            0.00            0.00            0.00            0.00
[2018.12.11-00.25.31:954][576]                                                                             HeroCarSplineCollActor_C        1       1.46       1.49       0.00            0.00            0.00            0.00            0.00            0.00
[2018.12.11-00.25.31:954][576]                                                                                           SimModeCar        1       1.45       1.48       0.00            0.00            0.00            0.00            0.00            0.00
[2018.12.11-00.25.31:954][576]                                                                    WheeledVehicleMovementComponent4W        1       1.47       1.47       0.00            0.00            0.00            0.00            0.00            0.00
[2018.12.11-00.25.31:954][576]                                                                                   ParticleModuleSize        9       1.39       1.46       0.00            0.00            0.00            0.00            0.00            0.00
[2018.12.11-00.25.31:954][576]                                                                            DistributionFloatConstant       20       1.41       1.41       0.00            0.00            0.00            0.00            0.00            0.00
[2018.12.11-00.25.31:954][576]                                                                                               Canvas        2       1.38       1.38       0.00            0.00            0.00            0.00            0.00            0.00
[2018.12.11-00.25.31:954][576]                                                                                    BP_SimHUDWidget_C        2       1.38       1.38       0.00            0.00            0.00            0.00            0.00            0.00
[2018.12.11-00.25.31:954][576]                                                                                       BackgroundBlur        3       1.34       1.34       0.00            0.00            0.00            0.00            0.00            0.00
[2018.12.11-00.25.31:954][576]                                                                                         SuvCarPawn_C        1       1.24       1.29       0.00            0.00            0.00            0.00            0.00            0.00
[2018.12.11-00.25.31:954][576]                                                                                      AbstractNavData        1       1.27       1.27       0.00            0.00            0.00            0.00            0.00            0.00
[2018.12.11-00.25.31:955][576]                                                                                    PhysicsSerializer        6       1.27       1.27       0.00            0.00            0.00            0.00            0.00            0.00
[2018.12.11-00.25.31:955][576]                                                                             SubstanceInstanceFactory        2       1.12       1.23  113580.42       113580.42            0.00            0.00            0.00            0.00
[2018.12.11-00.25.31:955][576]                                                                                        OptionsMenu_C        2       1.23       1.23       0.00            0.00            0.00            0.00            0.00            0.00
[2018.12.11-00.25.31:955][576]                                                                               ParticleModuleVelocity        5       1.10       1.20       0.00            0.00            0.00            0.00            0.00            0.00
[2018.12.11-00.25.31:955][576]                                                                                       UInt16Property       10       1.17       1.17       0.00            0.00            0.00            0.00            0.00            0.00
[2018.12.11-00.25.31:955][576]                                                                                          TextureCube        4       1.16       1.16   33856.03            0.00            0.00            0.00            0.00        33856.03
[2018.12.11-00.25.31:955][576]                                                                                               SimHUD        1       1.14       1.15       0.00            0.00            0.00            0.00            0.00            0.00
[2018.12.11-00.25.31:955][576]                                                                   MaterialExpressionDynamicParameter        2       0.92       1.14       0.00            0.00            0.00            0.00            0.00            0.00
[2018.12.11-00.25.31:955][576]                                                                               ParticleModuleLifetime        9       1.04       1.13       0.00            0.00            0.00            0.00            0.00            0.00
[2018.12.11-00.25.31:955][576]                                                                                    SkyLightComponent        1       1.13       1.13       0.00            0.00            0.00            0.00            0.00            0.00
[2018.12.11-00.25.31:955][576]                                                                                         AIController        1       1.10       1.10       0.00            0.00            0.00            0.00            0.00            0.00
[2018.12.11-00.25.31:955][576]                                                                           LevelStreamingAlwaysLoaded        3       1.08       1.08       0.00            0.00            0.00            0.00            0.00            0.00
[2018.12.11-00.25.31:955][576]                                                                            DirectionalLightComponent        1       1.06       1.06       0.00            0.00            0.00            0.00            0.00            0.00
[2018.12.11-00.25.31:955][576]                                                                                       UInt64Property        9       1.05       1.05       0.00            0.00            0.00            0.00            0.00            0.00
[2018.12.11-00.25.31:955][576]                                                                                       AirSimGameMode        1       1.03       1.03       0.00            0.00            0.00            0.00            0.00            0.00
[2018.12.11-00.25.31:955][576]                                                                                              SizeBox        3       1.01       1.03       0.00            0.00            0.00            0.00            0.00            0.00
[2018.12.11-00.25.31:955][576]                                                                                      BP_Sky_Sphere_C        1       1.03       1.03       0.00            0.00            0.00            0.00            0.00            0.00
[2018.12.11-00.25.31:955][576]                                                                                          PlayerState        1       1.01       1.02       0.00            0.00            0.00            0.00            0.00            0.00
[2018.12.11-00.25.31:955][576]                                                                     ParticleModuleColorScaleOverLife        3       1.00       1.01       0.00            0.00            0.00            0.00            0.00            0.00
[2018.12.11-00.25.31:955][576]                                                                                   GameNetworkManager        1       0.99       0.99       0.00            0.00            0.00            0.00            0.00            0.00
[2018.12.11-00.25.31:955][576]                                                                        GameplayDebuggerPlayerManager        1       0.92       0.99       0.00            0.00            0.00            0.00            0.00            0.00
[2018.12.11-00.25.31:955][576]                                                                                   CullDistanceVolume        1       0.98       0.98       0.00            0.00            0.00            0.00            0.00            0.00
[2018.12.11-00.25.31:955][576]                                                                                  BP_CameraDirector_C        1       0.98       0.98       0.00            0.00            0.00            0.00            0.00            0.00
[2018.12.11-00.25.31:955][576]                                                                   GameplayDebuggerCategoryReplicator        1       0.97       0.97       0.00            0.00            0.00            0.00            0.00            0.00
[2018.12.11-00.25.31:955][576]                                                                                         AssetManager        1       0.96       0.96       0.00            0.00            0.00            0.00            0.00            0.00
[2018.12.11-00.25.31:955][576]                                                                                        GameStateBase        1       0.93       0.95       0.00            0.00            0.00            0.00            0.00            0.00
[2018.12.11-00.25.31:955][576]                                                                       ParticleModuleSizeMultiplyLife        5       0.94       0.95       0.00            0.00            0.00            0.00            0.00            0.00
[2018.12.11-00.25.31:955][576]                                                                            LandscapeGizmoActiveActor        1       0.94       0.94       0.00            0.00            0.00            0.00            0.00            0.00
[2018.12.11-00.25.31:955][576]                                                                                 DefaultPhysicsVolume        1       0.93       0.93       0.00            0.00            0.00            0.00            0.00            0.00
[2018.12.11-00.25.31:955][576]                                                                                       BlockingVolume        1       0.91       0.91       0.00            0.00            0.00            0.00            0.00            0.00
[2018.12.11-00.25.31:955][576]                                                                                         ScaleBoxSlot        9       0.91       0.91       0.00            0.00            0.00            0.00            0.00            0.00
[2018.12.11-00.25.31:955][576]                                                                                          PlayerStart        1       0.91       0.91       0.00            0.00            0.00            0.00            0.00            0.00
[2018.12.11-00.25.31:955][576]                                                                                          MenuActor_C        1       0.89       0.90       0.00            0.00            0.00            0.00            0.00            0.00
[2018.12.11-00.25.31:955][576]                                                                                             SoundCue        1       0.90       0.90       0.00            0.00            0.00            0.00            0.00            0.00
[2018.12.11-00.25.31:955][576]                                                                                          GameSession        1       0.88       0.88       0.00            0.00            0.00            0.00            0.00            0.00
[2018.12.11-00.25.31:955][576]                                                                  Intersection_SmallLarge_Blueprint_C        1       0.88       0.88       0.00            0.00            0.00            0.00            0.00            0.00
[2018.12.11-00.25.31:955][576]                                                                                 ExponentialHeightFog        1       0.88       0.88       0.00            0.00            0.00            0.00            0.00            0.00
[2018.12.11-00.25.31:955][576]                                                                ParticleModuleLocationPrimitiveSphere        3       0.80       0.88       0.00            0.00            0.00            0.00            0.00            0.00
[2018.12.11-00.25.31:955][576]                                                                                             SkyLight        1       0.88       0.88       0.00            0.00            0.00            0.00            0.00            0.00
[2018.12.11-00.25.31:955][576]                                                                                     DirectionalLight        1       0.88       0.88       0.00            0.00            0.00            0.00            0.00            0.00
[2018.12.11-00.25.31:955][576]                                                                               Main_CityEnvironment_C        1       0.87       0.87       0.00            0.00            0.00            0.00            0.00            0.00
[2018.12.11-00.25.31:955][576]                                                                                         Industrial_C        1       0.87       0.87       0.00            0.00            0.00            0.00            0.00            0.00
[2018.12.11-00.25.31:955][576]                                                                                 ParticleEventManager        1       0.86       0.86       0.00            0.00            0.00            0.00            0.00            0.00
[2018.12.11-00.25.31:955][576]                                                                        ExponentialHeightFogComponent        1       0.80       0.80       0.00            0.00            0.00            0.00            0.00            0.00
[2018.12.11-00.25.31:955][576]                                                                                       ParticleSystem        2       0.71       0.77       0.00            0.00            0.00            0.00            0.00            0.00
[2018.12.11-00.25.31:955][576]                                                                                   LazyObjectProperty        6       0.75       0.75       0.00            0.00            0.00            0.00            0.00            0.00
[2018.12.11-00.25.31:955][576]                                                                               SubstanceGraphInstance        2       0.71       0.73       0.00            0.00            0.00            0.00            0.00            0.00
[2018.12.11-00.25.31:955][576]                                                                                     SoundAttenuation        1       0.73       0.73       0.00            0.00            0.00            0.00            0.00            0.00
[2018.12.11-00.25.31:955][576]                                                                                  GameplayTagsManager        1       0.64       0.71       0.00            0.00            0.00            0.00            0.00            0.00
[2018.12.11-00.25.31:955][576]                                                                                  ParticleModuleColor        3       0.66       0.71       0.00            0.00            0.00            0.00            0.00            0.00
[2018.12.11-00.25.31:956][576]                                                                                             BookMark        8       0.69       0.69       0.00            0.00            0.00            0.00            0.00            0.00
[2018.12.11-00.25.31:956][576]                                                                               ParticleModuleLocation        4       0.66       0.69       0.00            0.00            0.00            0.00            0.00            0.00
[2018.12.11-00.25.31:956][576]                                                                                           WidgetTree        9       0.63       0.63       0.00            0.00            0.00            0.00            0.00            0.00
[2018.12.11-00.25.31:956][576]                                                                                      InterpGroupInst        8       0.63       0.63       0.00            0.00            0.00            0.00            0.00            0.00
[2018.12.11-00.25.31:956][576]                                                                                 ManualPoseController        1       0.59       0.59       0.00            0.00            0.00            0.00            0.00            0.00
[2018.12.11-00.25.31:956][576]                                                               MaterialExpressionLandscapeLayerCoords        2       0.33       0.56       0.00            0.00            0.00            0.00            0.00            0.00
[2018.12.11-00.25.31:956][576]                                                                          MaterialParameterCollection        3       0.55       0.55       0.00            0.00            0.00            0.00            0.00            0.00
[2018.12.11-00.25.31:956][576]                                                                                     PhysicalMaterial        4       0.53       0.53       0.00            0.00            0.00            0.00            0.00            0.00
[2018.12.11-00.25.31:956][576]                                                                              ParticleModuleCollision        1       0.47       0.52       0.00            0.00            0.00            0.00            0.00            0.00
[2018.12.11-00.25.31:956][576]                                                                               ParticleModuleRotation        4       0.47       0.50       0.00            0.00            0.00            0.00            0.00            0.00
[2018.12.11-00.25.31:956][576]                                                                                       SuvBackWheel_C        2       0.48       0.48       0.00            0.00            0.00            0.00            0.00            0.00
[2018.12.11-00.25.31:956][576]                                                                                      SuvFrontWheel_C        2       0.48       0.48       0.00            0.00            0.00            0.00            0.00            0.00
[2018.12.11-00.25.31:956][576]                                                                                      EnvQueryManager        1       0.48       0.48       0.00            0.00            0.00            0.00            0.00            0.00
[2018.12.11-00.25.31:956][576]                                                                                         Int8Property        4       0.47       0.47       0.00            0.00            0.00            0.00            0.00            0.00
[2018.12.11-00.25.31:956][576]                                                                                        Int64Property        4       0.47       0.47       0.00            0.00            0.00            0.00            0.00            0.00
[2018.12.11-00.25.31:956][576]                                                                       ParticleModuleParameterDynamic        1       0.41       0.45       0.00            0.00            0.00            0.00            0.00            0.00
[2018.12.11-00.25.31:956][576]                                                                                          LocalPlayer        1       0.45       0.45       0.00            0.00            0.00            0.00            0.00            0.00
[2018.12.11-00.25.31:956][576]                                                                                  ParticleModuleSubUV        3       0.40       0.42       0.00            0.00            0.00            0.00            0.00            0.00
[2018.12.11-00.25.31:956][576]                                                                         SoundNodeModulatorContinuous        3       0.40       0.42       0.00            0.00            0.00            0.00            0.00            0.00
[2018.12.11-00.25.31:956][576]                                                                                           TireConfig        4       0.41       0.41       0.00            0.00            0.00            0.00            0.00            0.00
[2018.12.11-00.25.31:956][576]                                                                                              Console        1       0.34       0.40       0.00            0.00            0.00            0.00            0.00            0.00
[2018.12.11-00.25.31:956][576]                                                                   ParticleModuleAccelerationConstant        5       0.39       0.39       0.00            0.00            0.00            0.00            0.00            0.00
[2018.12.11-00.25.31:956][576]                                                                           ParticleModuleCollisionGPU        2       0.38       0.38       0.00            0.00            0.00            0.00            0.00            0.00
[2018.12.11-00.25.31:956][576]                                                                                  ParticleModuleLight        1       0.34       0.37       0.00            0.00            0.00            0.00            0.00            0.00
[2018.12.11-00.25.31:956][576]                                                                      DistributionVectorConstantCurve        2       0.36       0.36       0.00            0.00            0.00            0.00            0.00            0.00
[2018.12.11-00.25.31:956][576]                                                                                     TimelineTemplate        2       0.36       0.36       0.00            0.00            0.00            0.00            0.00            0.00
[2018.12.11-00.25.31:956][576]                                                                                 LevelStreamingKismet        1       0.36       0.36       0.00            0.00            0.00            0.00            0.00            0.00
[2018.12.11-00.25.31:956][576]                                                                                         CrowdManager        1       0.35       0.35       0.00            0.00            0.00            0.00            0.00            0.00
[2018.12.11-00.25.31:956][576]                                                                                        Int16Property        3       0.35       0.35       0.00            0.00            0.00            0.00            0.00            0.00
[2018.12.11-00.25.31:956][576]                                                                                  SoundNodeWavePlayer        3       0.35       0.35       0.00            0.00            0.00            0.00            0.00            0.00
[2018.12.11-00.25.31:956][576]                                                                             LandscapeLayerInfoObject        4       0.34       0.34       0.00            0.00            0.00            0.00            0.00            0.00
[2018.12.11-00.25.31:956][576]                                                                      GameplayDebuggerLocalController        1       0.31       0.31       0.00            0.00            0.00            0.00            0.00            0.00
[2018.12.11-00.25.31:956][576]                                                                                          SizeBoxSlot        3       0.30       0.30       0.00            0.00            0.00            0.00            0.00            0.00
[2018.12.11-00.25.31:956][576]                                                                                   AIPerceptionSystem        1       0.30       0.30       0.00            0.00            0.00            0.00            0.00            0.00
[2018.12.11-00.25.31:956][576]                                                                            OnlineEngineInterfaceImpl        1       0.30       0.30       0.00            0.00            0.00            0.00            0.00            0.00
[2018.12.11-00.25.31:956][576]                                                                                             AISystem        1       0.30       0.30       0.00            0.00            0.00            0.00            0.00            0.00
[2018.12.11-00.25.31:956][576]                                                                                 DeviceProfileManager        1       0.28       0.30       0.00            0.00            0.00            0.00            0.00            0.00
[2018.12.11-00.25.31:956][576]                                                                                          PaperSprite        1       0.29       0.29       0.00            0.00            0.00            0.00            0.00            0.00
[2018.12.11-00.25.31:956][576]                                                                                        ScrollBoxSlot        3       0.28       0.28       0.00            0.00            0.00            0.00            0.00            0.00
[2018.12.11-00.25.31:956][576]                                                                                         GameInstance        1       0.26       0.28       0.00            0.00            0.00            0.00            0.00            0.00
[2018.12.11-00.25.31:956][576]                                                                        ShaderPlatformQualitySettings        4       0.28       0.28       0.00            0.00            0.00            0.00            0.00            0.00
[2018.12.11-00.25.31:956][576]                                                                           InputActionDelegateBinding        2       0.28       0.28       0.00            0.00            0.00            0.00            0.00            0.00
[2018.12.11-00.25.31:956][576]                                                                             ComponentDelegateBinding        2       0.27       0.27       0.00            0.00            0.00            0.00            0.00            0.00
[2018.12.11-00.25.31:956][576]                                                                                     GameUserSettings        1       0.27       0.27       0.00            0.00            0.00            0.00            0.00            0.00
[2018.12.11-00.25.31:956][576]                                                                                     AvoidanceManager        1       0.25       0.25       0.00            0.00            0.00            0.00            0.00            0.00
[2018.12.11-00.25.31:956][576]                                                                           ParticleModuleRotationRate        2       0.23       0.25       0.00            0.00            0.00            0.00            0.00            0.00
[2018.12.11-00.25.31:956][576]                                                                     ParticleModuleEventReceiverSpawn        1       0.24       0.25       0.00            0.00            0.00            0.00            0.00            0.00
[2018.12.11-00.25.31:956][576]                                                                              SoundNodeParamCrossFade        1       0.17       0.18       0.00            0.00            0.00            0.00            0.00            0.00
[2018.12.11-00.25.31:956][576]                                                                             InputAxisDelegateBinding        1       0.16       0.16       0.00            0.00            0.00            0.00            0.00            0.00
[2018.12.11-00.25.31:957][576]                                                                                 PaperTerrainMaterial        1       0.14       0.15       0.00            0.00            0.00            0.00            0.00            0.00
[2018.12.11-00.25.31:957][576]                                                                                           SoundClass        1       0.13       0.13       0.00            0.00            0.00            0.00            0.00            0.00
[2018.12.11-00.25.31:957][576]                                                                                         CheatManager        1       0.13       0.13       0.00            0.00            0.00            0.00            0.00            0.00
[2018.12.11-00.25.31:957][576]                                                                       AndroidPermissionCallbackProxy        1       0.13       0.13       0.00            0.00            0.00            0.00            0.00            0.00
[2018.12.11-00.25.31:957][576]                                                               ParticleModuleRotationRateMultiplyLife        1       0.13       0.13       0.00            0.00            0.00            0.00            0.00            0.00
[2018.12.11-00.25.31:957][576]                                                                        MaterialShaderQualitySettings        1       0.13       0.13       0.00            0.00            0.00            0.00            0.00            0.00
[2018.12.11-00.25.31:957][576]                                                                       DistributionFloatConstantCurve        1       0.13       0.13       0.00            0.00            0.00            0.00            0.00            0.00
[2018.12.11-00.25.31:957][576]                                                                              InputKeyDelegateBinding        1       0.12       0.12       0.00            0.00            0.00            0.00            0.00            0.00
[2018.12.11-00.25.31:957][576]                                                                         ParticleModuleEventGenerator        1       0.11       0.11       0.00            0.00            0.00            0.00            0.00            0.00
[2018.12.11-00.25.31:957][576]                                                                                   GCObjectReferencer        1       0.10       0.10       0.00            0.00            0.00            0.00            0.00            0.00
[2018.12.11-00.25.31:957][576]                                                                           CameraModifier_CameraShake        1       0.10       0.10       0.00            0.00            0.00            0.00            0.00            0.00
[2018.12.11-00.25.31:957][576]                                                                                  NavLocalGridManager        1       0.09       0.09       0.00            0.00            0.00            0.00            0.00            0.00
[2018.12.11-00.25.31:957][576]                                                                           DistributionVectorConstant        1       0.09       0.09       0.00            0.00            0.00            0.00            0.00            0.00
[2018.12.11-00.25.31:957][576]                                                                                  BehaviorTreeManager        1       0.09       0.09       0.00            0.00            0.00            0.00            0.00            0.00
[2018.12.11-00.25.31:957][576]                                                                                        MediaPlaylist        1       0.07       0.07       0.00            0.00            0.00            0.00            0.00            0.00
[2018.12.11-00.25.31:957][576]                                                                              PhysicsCollisionHandler        1       0.07       0.07       0.00            0.00            0.00            0.00            0.00            0.00
[2018.12.11-00.25.31:957][576]                                                                    ParticleModuleOrientationAxisLock        1       0.06       0.06       0.00            0.00            0.00            0.00            0.00            0.00
[2018.12.11-00.25.31:957][576]                                                                                        OnlineSession        1       0.05       0.05       0.00            0.00            0.00            0.00            0.00            0.00
[2018.12.11-00.25.31:957][576]
[2018.12.11-00.25.31:957][576]127693 Objects (Total: 233.103M / Max: 268.983M / Res: 1966.290M | ResDedSys: 576.791M / ResShrSys: 0.000M / ResDedVid: 0.000M / ResShrVid: 0.000M / ResUnknown: 1389.499M)
[2018.12.11-00.25.32:004][576]LogRenderer: Reallocating scene render targets to support 256x144 Format 10 NumSamples 1 (Frame:35584).
[2018.12.11-00.25.32:086][576]LogRenderer: Reallocating scene render targets to support 1672x940 Format 9 NumSamples 1 (Frame:35584).
[2018.12.11-00.25.32:617][582]LogScriptCore: Warning: Script Msg: Attempted to access index 0 from array 'CallFunc_GetAllAirSimVehicles_Info' of length 0 in '/Game/Wilson/BaseBP/SpawningFuncLibrary.SpawningFuncLibrary_C:GetClosestAirsimVehicle'!